12.11	559
12.41	446
1.36	433
4.74	416
4.75	413
2.93	405
1.22	399
13.33	391
16.23	391
4.84	391
1.37	382
1.44	375
16.62	368
4.81	368
9.21	365
14.21	365
13.14	361
17.56	353
13.15	352
5.56	352
1.23	349
5.23	349
3.63	348
9.22	348
2.55	346
14.25	346
12.353	342
19.51	342
7.22	341
12.56	340
17.22	338
18.21	336
15.83	336
15.44	335
9.26	335
16.81	334
10.21	334
16.32	334
2.92	333
1.27	332
10.47	331
10.55	329
4.12	329
16.53	328
4.83	328
2.33	325
10.45	322
10.26	322
15.56	321
4.51	320
10.25	320
2.1	319
15.88	319
16.42	319
12.22	318
14.27	317
1.62	316
16.27	316
5.48	316
17.66	316
1.21	315
19.62	315
9.14	314
11.54	313
5.49	313
2.31	313
16.72	312
9.16	312
16.44	312
16.11	311
15.46	311
20.11	311
4.91	311
9.31	311
5.791	311
1.86	311
13.23	310
9.76	310
4.46	310
11.14	310
14.15	309
18.22	308
4.82	308
1.222	307
12.12	306
6.12	306
10.23	306
14.23	306
12.21	306
1.214	306
4.853	306
12.36	306
5.11	305
5.12	305
9.19	305
5.124	305
2.35	305
10.61	304
12.43	304
10.11	303
15.85	303
4.492	303
12.27	303
9.34	303
10.43	302
12.92	302
4.56	302
12.53	302
2.32	302
2.96	302
14.35	302
18.13	301
14.28	301
12.65	301
4.85	301
2.47	300
17.55	300
2.46	300
13.17	300
20.28	299
10.17	299
9.11	299
5.125	299
4.66	299
4.86	299
5.16	298
12.55	298
10.473	298
7.45	298
9.15	297
2.28	297
9.36	297
9.343	297
12.37	297
16.71	296
10.49	295
10.14	294
14.43	294
10.67	294
12.62	294
1.851	294
20.62	293
12.26	293
15.26	293
5.46	293
2.36	293
12.33	293
10.22	292
4.464	292
7.12	292
1.212	292
12.8	292
17.52	291
15.52	290
4.57	290
15.71	290
18.39	290
16.31	290
1.61	289
16.66	289
17.23	289
11.28	289
1.41	289
2.91	289
17.24	289
17.19	288
12.14	288
5.34	288
9.28	288
6.55	288
3.596	288
2.22	288
14.31	288
12.213	288
12.74	287
12.85	287
2.27	287
15.75	286
10.12	286
10.42	286
10.57	286
16.67	286
9.27	286
15.86	286
15.57	286
15.78	286
1.63	285
16.33	285
9.35	285
2.251	284
10.46	284
5.26	284
6.21	284
10.51	284
4.29	283
10.48	283
8.22	283
4.63	283
5.47	283
2.34	283
19.24	283
13.181	283
3.84	282
10.62	282
4.88	282
4.204	282
4.76	282
4.73	282
5.21	281
5.22	281
17.25	281
9.342	281
12.23	281
11.13	281
13.19	281
14.19	280
10.38	280
2.21	280
12.24	280
4.61	280
9.341	280
15.84	280
10.13	279
6.11	279
4.14	279
16.52	279
9.222	279
13.34	278
7.42	278
9.32	278
2.25	278
19.21	278
15.51	278
11.21	278
16.37	278
11.27	278
12.3	277
12.25	277
14.18	277
4.58	277
17.53	277
10.33	277
16.15	276
2.53	276
20.13	276
12.61	276
9.33	276
10.63	275
8.55	275
4.62	275
4.68	275
7.11	275
4.41	275
17.17	275
8.75	275
21.51	275
2.41	274
2.461	274
8.51	274
9.223	274
5.123	274
4.92	274
19.45	274
4.461	273
1.73	273
12.16	273
12.5	273
15.66	273
4.98	273
11.16	273
2.261	273
15.712	272
2.48	272
12.71	272
19.65	272
18.41	272
4.99	272
2.26	272
4.67	272
7.56	271
2.54	271
1.38	271
4.11	271
10.52	271
12.93	271
17.34	271
17.45	270
13.21	270
12.58	270
4.65	270
11.32	270
17.64	270
17.14	270
12.31	270
16.26	269
9.12	269
16.73	269
12.44	269
4.4	269
16.77	269
19.41	269
1.213	269
16.45	269
12.35	269
15.74	268
9.46	268
12.57	268
12.13	268
8.6	268
10.72	268
19.59	267
15.55	267
4.19	267
4.151	267
15.64	267
11.31	267
2.95	267
17.41	267
17.31	266
17.68	266
12.73	266
12.59	266
10.481	266
8.311	266
8.12	266
17.13	266
14.22	266
3.75	265
15.25	265
15.65	265
12.63	265
13.18	265
10.32	265
19.23	265
16.82	264
9.161	264
14.14	264
4.18	264
4.72	264
11.33	264
19.25	264
15.77	264
10.472	264
16.84	263
3.96	263
12.81	263
12.352	263
12.15	263
4.2	263
14.24	263
6.57	263
15.87	263
3.61	262
6.29	262
5.13	262
5.18	262
13.1	262
4.232	262
2.42	262
18.35	262
8.17	262
1.58	262
2.471	261
14.331	261
4.393	261
10.471	261
4.77	261
4.78	261
1.56	261
10.71	261
4.69	260
9.221	260
17.61	260
17.51	260
5.33	260
4.31	260
9.44	259
1.72	259
17.65	259
13.24	259
10.15	259
4.463	259
18.31	259
18.17	259
10.56	259
10.491	259
11.18	259
4.856	259
2.52	259
16.41	259
15.38	258
4.24	258
10.44	258
11.52	258
10.24	258
4.841	258
7.13	258
17.16	258
1.861	258
11.34	258
2.81	257
5.14	257
20.61	257
19.58	257
9.73	257
5.181	257
1.75	257
14.12	257
11.17	257
18.12	257
9.261	257
13.35	257
19.32	256
3.85	256
1.28	256
10.41	256
4.37	256
10.53	256
4.203	256
4.44	256
4.49	256
1.51	256
3.82	256
4.35	256
16.83	255
11.83	255
9.75	255
17.69	255
16.25	255
8.54	255
4.3	255
10.35	255
4.94	255
15.851	255
4.79	255
14.34	255
21.52	254
19.55	254
6.81	254
1.74	254
8.56	254
2.49	254
5.122	254
16.34	254
10.64	254
2.444	254
19.16	253
5.712	253
5.19	253
2.43	253
13.22	253
17.49	253
1.81	253
2.23	253
6.35	253
12.34	253
5.64	252
19.61	252
17.32	252
14.47	252
16.68	252
5.41	252
15.76	252
8.531	252
4.202	252
4.95	252
2.51	252
1.88	252
4.412	251
4.15	251
4.207	251
12.83	251
5.31	251
17.67	251
1.43	251
4.28	251
4.93	251
4.97	251
18.221	251
10.431	251
6.38	251
4.36	251
6.78	251
3.817	250
15.41	250
16.35	250
18.24	250
1.31	250
15.37	250
10.37	250
13.16	250
16.29	250
15.89	250
1.55	250
6.75	250
4.33	250
9.89	250
1.852	250
3.831	250
14.42	249
15.21	249
17.27	249
17.48	249
12.67	249
3.594	249
17.42	248
3.65	248
3.95	248
12.4	248
7.51	248
4.351	248
8.57	248
18.32	248
7.422	248
19.47	248
17.11	248
14.13	248
17.21	248
17.47	248
9.29	248
12.212	248
8.98	248
3.98	247
4.27	247
3.581	247
17.37	247
4.331	247
2.44	247
11.24	247
4.47	247
4.912	247
1.54	247
3.11	247
8.32	246
18.43	246
14.46	246
18.28	246
4.55	246
20.47	246
19.43	246
16.74	246
15.67	246
2.75	246
1.53	246
3.832	246
4.25	245
12.232	245
12.46	245
12.42	245
15.81	245
15.68	245
11.15	245
1.215	245
1.52	245
1.59	245
13.37	245
4.32	245
16.622	245
4.191	245
3.585	244
8.33	244
20.22	244
14.41	244
3.823	244
18.26	244
4.13	244
4.205	244
4.208	244
4.162	244
5.35	244
6.42	244
4.89	244
12.76	244
3.83	243
20.25	243
4.53	243
12.2	243
8.16	243
2.56	243
9.461	243
1.83	243
15.45	242
17.242	242
3.58	242
12.45	242
8.15	242
11.25	242
15.35	242
12.82	242
18.42	242
15.69	242
1.84	242
5.61	241
18.23	241
3.811	241
3.94	241
4.64	241
6.921	241
4.751	241
9.56	241
2.512	241
10.34	241
9.25	241
4.371	241
2.94	241
12.32	241
9.192	241
10.252	240
3.818	240
20.64	240
4.22	240
4.21	240
1.1	240
18.51	240
1.841	240
7.26	240
1.33	240
5.97	240
19.46	240
15.31	240
4.858	240
14.33	240
5.15	240
9.88	240
14.45	239
13.107	239
7.27	239
10.16	239
11.91	239
6.91	239
4.43	239
11.81	239
17.63	239
4.854	239
9.37	239
9.38	239
4.312	239
10.474	239
1.82	239
14.48	238
19.11	238
4.23	238
8.31	238
3.16	238
4.215	238
4.59	238
1.324	238
17.26	238
14.11	238
4.855	238
8.76	238
1.89	238
16.3	238
4.87	238
10.613	238
8.93	238
20.26	237
4.52	237
4.16	237
4.345	237
10.352	237
5.121	237
11.82	237
15.79	237
17.46	237
2.45	236
12.17	236
11.22	236
17.62	236
4.392	236
20.471	236
19.72	236
8.73	236
3.19	236
15.63	236
8.68	235
3.92	235
4.26	235
19.52	235
4.212	235
4.214	235
3.76	235
10.412	235
4.142	235
4.45	235
6.71	235
6.33	235
2.62	235
15.42	234
11.12	234
4.281	234
15.82	234
15.22	234
1.35	234
4.17	234
4.843	234
18.11	234
5.71	234
14.32	234
6.77	233
11.43	233
12.54	233
11.11	233
2.24	233
14.73	233
13.38	232
14.49	232
16.39	232
7.43	232
4.612	232
18.45	232
8.41	232
12.6	232
6.51	232
11.84	232
17.15	232
4.857	232
16.18	231
20.24	231
2.76	231
4.54	231
4.241	231
4.344	231
8.47	231
3.591	231
3.592	231
14.17	230
12.68	230
4.372	230
17.38	230
6.36	230
2.61	230
15.212	230
8.69	229
11.65	229
3.57	229
5.32	229
14.332	229
4.38	229
4.34	229
2.63	229
16.19	228
5.81	228
4.451	228
3.35	228
4.462	228
18.33	228
15.72	228
21.42	228
2.454	228
11.61	228
1.64	227
1.24	227
5.86	227
18.211	227
12.84	227
12.1	227
2.445	227
12.75	227
16.48	227
10.75	227
1.77	226
14.16	226
11.51	226
4.209	226
3.655	226
12.48	226
11.86	226
4.374	226
11.78	226
14.29	226
10.451	225
3.813	225
7.21	225
17.172	225
14.451	225
8.53	225
9.211	225
14.44	225
16.76	225
4.144	225
15.36	225
6.48	225
7.48	225
2.64	225
4.441	225
3.62	224
5.84	224
8.72	224
5.54	224
6.31	224
5.141	224
17.171	224
2.511	223
10.413	223
10.83	223
7.37	223
14.26	223
5.9	223
8.67	222
17.36	222
17.54	222
4.231	222
8.24	222
5.94	222
7.54	222
9.66	222
1.57	222
3.97	221
19.15	221
19.17	221
7.15	221
16.79	221
12.7	221
7.421	221
2.57	221
10.351	220
3.55	220
16.38	220
17.18	220
3.819	219
11.62	219
1.25	219
21.31	219
6.24	219
18.38	219
4.342	219
16.78	219
2.521	219
5.38	219
4.96	219
7.55	218
18.222	218
4.213	218
2.455	218
2.456	218
11.88	218
3.12	218
14.71	218
9.81	218
4.521	218
20.54	217
20.52	217
12.47	217
9.5	217
2.522	217
18.15	217
2.458	217
5.37	217
10.65	217
5.55	217
11.53	216
2.72	216
21.37	216
19.31	216
6.46	216
14.252	215
3.54	215
1.32	215
18.34	215
2.37	215
13.2	215
6.39	215
8.931	214
20.44	214
21.39	214
20.51	214
3.13	214
2.82	213
16.63	213
13.0	213
18.19	213
3.93	212
3.583	212
5.24	212
1.39	212
7.31	212
9.23	212
18.71	212
18.72	212
1.87	212
20.17	211
20.63	211
3.52	211
18.52	211
18.73	211
4.272	211
4.271	211
8.13	211
3.24	210
3.815	210
3.614	210
16.251	210
2.77	210
3.32	210
11.92	210
6.49	209
7.25	209
2.341	209
20.45	209
4.42	209
17.43	209
8.42	209
15.62	209
10.66	209
5.79	209
3.15	209
16.54	209
10.612	209
4.352	208
3.816	208
4.591	208
1.322	208
13.44	208
9.771	208
2.71	208
1.362	208
5.58	208
3.18	208
18.18	208
5.66	207
10.852	207
6.28	207
11.89	207
2.641	207
1.71	207
17.441	207
9.422	207
19.54	207
20.14	206
11.44	206
6.76	206
5.7	206
19.37	205
14.481	205
1.45	205
18.37	205
11.87	205
4.852	205
14.74	205
3.584	204
21.11	204
6.74	204
2.611	204
14.491	204
4.301	204
5.51	204
6.73	203
16.69	203
6.94	203
9.24	203
20.43	203
2.631	203
20.65	202
10.92	202
6.22	202
20.15	202
18.36	202
19.42	202
4.321	202
20.42	202
6.44	202
10.74	202
9.791	201
19.56	201
8.21	201
6.96	201
13.36	201
7.57	200
3.25	200
2.621	200
1.42	200
5.59	200
20.41	200
14.76	200
10.76	200
9.77	199
3.821	199
18.57	198
3.74	198
3.822	198
8.11	198
16.65	198
6.61	198
11.64	198
3.812	197
3.21	197
5.25	197
5.27	197
6.43	197
11.79	197
11.69	196
17.35	196
10.81	196
13.3	196
17.44	196
7.46	196
3.586	195
8.34	195
5.87	195
19.57	195
3.34	195
6.72	194
2.73	194
8.23	194
6.62	194
9.18	194
18.44	194
13.104	194
10.91	194
3.2	193
19.12	193
5.28	193
5.971	193
5.821	193
6.32	193
14.78	193
3.29	192
3.653	192
3.72	192
17.28	192
9.48	191
9.79	191
18.56	191
8.25	191
18.16	191
4.146	191
7.47	191
6.45	191
16.51	191
3.41	191
9.49	190
21.44	190
8.26	189
4.145	189
9.64	189
4.71	189
1.329	188
5.42	188
3.593	188
3.45	188
4.732	187
7.231	187
20.21	187
11.66	187
2.39	187
3.91	186
6.93	186
6.82	186
11.63	186
7.44	186
3.814	185
14.53	185
3.26	185
5.57	185
18.61	184
2.942	184
2.941	184
20.27	184
14.62	184
3.5	184
1.323	184
20.48	184
7.32	184
6.41	184
5.391	183
1.76	183
5.39	183
1.78	182
13.4	182
11.77	182
4.302	182
13.103	182
8.691	182
8.74	182
5.53	182
3.71	181
6.95	181
9.67	181
6.52	181
11.85	181
5.77	181
3.42	181
20.49	180
8.81	180
7.23	180
15.61	180
5.36	180
10.831	180
13.102	180
9.72	179
9.74	179
6.63	179
21.43	179
13.101	179
12.78	179
3.81	179
9.69	178
8.52	178
7.52	177
3.23	177
3.38	177
2.38	177
4.201	177
12.77	177
10.614	177
21.18	176
21.35	176
13.42	175
5.82	175
8.212	175
7.14	175
9.65	175
2.74	175
8.94	175
3.46	175
3.36	174
13.105	174
14.75	174
5.65	173
14.61	173
18.74	173
21.32	173
8.27	173
20.46	173
4.222	173
7.33	173
10.851	172
4.452	172
20.53	172
21.24	172
21.23	172
9.6	172
21.15	172
3.44	172
8.84	171
13.5	171
5.44	171
14.51	170
5.85	169
5.89	169
3.652	169
5.93	169
19.63	169
3.28	169
21.16	169
8.97	169
6.92	168
7.62	168
10.615	168
5.63	167
9.43	167
3.22	167
6.13	167
14.77	167
20.56	166
7.24	166
10.85	166
13.10	166
6.37	166
8.48	165
5.45	165
7.17	164
21.36	164
9.251	164
9.84	164
20.35	164
3.73	163
20.23	163
14.66	162
5.92	162
19.33	162
4.842	162
13.106	162
7.221	162
7.53	161
14.67	161
14.65	161
20.55	161
13.6	161
21.34	161
12.541	161
14.68	161
21.22	160
6.58	160
7.61	160
14.63	159
14.64	159
15.39	159
6.54	159
13.7	158
13.9	158
8.43	158
9.71	157
20.31	157
21.17	157
7.18	156
6.34	156
8.91	156
21.25	155
21.38	155
3.37	155
13.8	155
3.56	154
20.33	154
18.67	153
3.582	153
6.23	153
19.36	153
5.88	151
9.78	151
3.47	151
8.941	150
7.58	150
3.654	150
5.43	150
10.78	150
1.26	149
8.92	149
5.76	149
9.68	149
3.665	148
21.33	148
3.77	148
10.77	148
6.25	146
10.84	146
8.35	145
1.34	145
21.46	145
8.64	144
9.61	144
1.341	143
9.63	143
4.221	143
3.664	142
19.44	142
21.47	142
7.63	142
20.36	141
21.21	141
10.88	141
3.663	138
10.86	138
3.661	137
7.131	137
8.61	136
9.62	136
8.83	136
10.36	136
6.59	135
3.78	134
20.222	134
9.83	134
6.27	133
8.44	131
5.75	131
1.343	129
8.65	128
10.87	128
3.662	128
6.79	127
8.46	125
1.352	125
5.91	124
20.34	124
10.89	122
8.63	120
8.45	118
1.353	116
7.64	114
1.354	114
8.82	112
8.62	106
8.66	105
1.342	104
9.82	104
3.622	101
8.912	100
8.85	98
8.96	94
5.78	90
6.411	78
10.832	72
7.16	60
6.461	58
